<?xml version="1.0" standalone="no"?>
<!DOCTYPE svg PUBLIC "-//W3C//DTD SVG 20010904//EN"
 "http://www.w3.org/TR/2001/REC-SVG-20010904/DTD/svg10.dtd">
<svg version="1.0" xmlns="http://www.w3.org/2000/svg"
 width="971.000000pt" height="971.000000pt" viewBox="0 0 971.000000 971.000000"
 preserveAspectRatio="xMidYMid meet">
<metadata>
Created by potrace 1.16, written by Peter Selinger 2001-2019
</metadata>
<g transform="translate(0.000000,971.000000) scale(0.100000,-0.100000)"
fill="#000000" stroke="none">
<path d="M0 4855 l0 -4855 4855 0 4855 0 0 4855 0 4855 -4855 0 -4855 0 0
-4855z m9390 1514 l0 -3022 -67 6 c-38 4 -2078 7 -4535 7 l-4468 0 0 3015 0
3015 4535 0 4535 0 0 -3021z m0 -4694 l0 -1355 -4535 0 -4535 0 0 1355 0 1355
4535 0 4535 0 0 -1355z"/>
<path d="M6496 8141 c-3 -5 1 -11 9 -14 9 -4 12 -1 8 9 -6 16 -10 17 -17 5z"/>
<path d="M6530 8090 c6 -11 13 -20 16 -20 2 0 0 9 -6 20 -6 11 -13 20 -16 20
-2 0 0 -9 6 -20z"/>
<path d="M6460 8080 c-6 -11 -8 -20 -6 -20 3 0 10 9 16 20 6 11 8 20 6 20 -3
0 -10 -9 -16 -20z"/>
<path d="M6570 8020 c6 -11 13 -20 16 -20 2 0 0 9 -6 20 -6 11 -13 20 -16 20
-2 0 0 -9 6 -20z"/>
<path d="M6400 7970 c-6 -11 -8 -20 -6 -20 3 0 10 9 16 20 6 11 8 20 6 20 -3
0 -10 -9 -16 -20z"/>
<path d="M6600 7970 c6 -11 13 -20 16 -20 2 0 0 9 -6 20 -6 11 -13 20 -16 20
-2 0 0 -9 6 -20z"/>
<path d="M6640 7900 c6 -11 13 -20 16 -20 2 0 0 9 -6 20 -6 11 -13 20 -16 20
-2 0 0 -9 6 -20z"/>
<path d="M6340 7860 c-6 -11 -8 -20 -6 -20 3 0 10 9 16 20 6 11 8 20 6 20 -3
0 -10 -9 -16 -20z"/>
<path d="M6670 7850 c6 -11 13 -20 16 -20 2 0 0 9 -6 20 -6 11 -13 20 -16 20
-2 0 0 -9 6 -20z"/>
<path d="M6710 7780 c6 -11 13 -20 16 -20 2 0 0 9 -6 20 -6 11 -13 20 -16 20
-2 0 0 -9 6 -20z"/>
<path d="M6280 7750 c-6 -11 -8 -20 -6 -20 3 0 10 9 16 20 6 11 8 20 6 20 -3
0 -10 -9 -16 -20z"/>
<path d="M6740 7730 c6 -11 13 -20 16 -20 2 0 0 9 -6 20 -6 11 -13 20 -16 20
-2 0 0 -9 6 -20z"/>
<path d="M6780 7660 c6 -11 13 -20 16 -20 2 0 0 9 -6 20 -6 11 -13 20 -16 20
-2 0 0 -9 6 -20z"/>
<path d="M6220 7640 c-6 -11 -8 -20 -6 -20 3 0 10 9 16 20 6 11 8 20 6 20 -3
0 -10 -9 -16 -20z"/>
<path d="M6810 7610 c6 -11 13 -20 16 -20 2 0 0 9 -6 20 -6 11 -13 20 -16 20
-2 0 0 -9 6 -20z"/>
<path d="M6850 7540 c6 -11 13 -20 16 -20 2 0 0 9 -6 20 -6 11 -13 20 -16 20
-2 0 0 -9 6 -20z"/>
<path d="M6160 7530 c-6 -11 -8 -20 -6 -20 3 0 10 9 16 20 6 11 8 20 6 20 -3
0 -10 -9 -16 -20z"/>
<path d="M6880 7490 c6 -11 13 -20 16 -20 2 0 0 9 -6 20 -6 11 -13 20 -16 20
-2 0 0 -9 6 -20z"/>
<path d="M6100 7420 c-6 -11 -8 -20 -6 -20 3 0 10 9 16 20 6 11 8 20 6 20 -3
0 -10 -9 -16 -20z"/>
<path d="M6920 7420 c6 -11 13 -20 16 -20 2 0 0 9 -6 20 -6 11 -13 20 -16 20
-2 0 0 -9 6 -20z"/>
<path d="M6950 7370 c6 -11 13 -20 16 -20 2 0 0 9 -6 20 -6 11 -13 20 -16 20
-2 0 0 -9 6 -20z"/>
<path d="M6040 7310 c-6 -11 -8 -20 -6 -20 3 0 10 9 16 20 6 11 8 20 6 20 -3
0 -10 -9 -16 -20z"/>
<path d="M6990 7300 c6 -11 13 -20 16 -20 2 0 0 9 -6 20 -6 11 -13 20 -16 20
-2 0 0 -9 6 -20z"/>
<path d="M7020 7250 c6 -11 13 -20 16 -20 2 0 0 9 -6 20 -6 11 -13 20 -16 20
-2 0 0 -9 6 -20z"/>
<path d="M5980 7200 c-6 -11 -8 -20 -6 -20 3 0 10 9 16 20 6 11 8 20 6 20 -3
0 -10 -9 -16 -20z"/>
<path d="M7060 7180 c6 -11 13 -20 16 -20 2 0 0 9 -6 20 -6 11 -13 20 -16 20
-2 0 0 -9 6 -20z"/>
<path d="M7090 7130 c6 -11 13 -20 16 -20 2 0 0 9 -6 20 -6 11 -13 20 -16 20
-2 0 0 -9 6 -20z"/>
<path d="M5920 7090 c-6 -11 -8 -20 -6 -20 3 0 10 9 16 20 6 11 8 20 6 20 -3
0 -10 -9 -16 -20z"/>
<path d="M7130 7060 c6 -11 13 -20 16 -20 2 0 0 9 -6 20 -6 11 -13 20 -16 20
-2 0 0 -9 6 -20z"/>
<path d="M7160 7010 c6 -11 13 -20 16 -20 2 0 0 9 -6 20 -6 11 -13 20 -16 20
-2 0 0 -9 6 -20z"/>
<path d="M5860 6980 c-6 -11 -8 -20 -6 -20 3 0 10 9 16 20 6 11 8 20 6 20 -3
0 -10 -9 -16 -20z"/>
<path d="M7200 6940 c6 -11 13 -20 16 -20 2 0 0 9 -6 20 -6 11 -13 20 -16 20
-2 0 0 -9 6 -20z"/>
<path d="M7230 6890 c6 -11 13 -20 16 -20 2 0 0 9 -6 20 -6 11 -13 20 -16 20
-2 0 0 -9 6 -20z"/>
<path d="M5800 6870 c-6 -11 -8 -20 -6 -20 3 0 10 9 16 20 6 11 8 20 6 20 -3
0 -10 -9 -16 -20z"/>
<path d="M7270 6820 c6 -11 13 -20 16 -20 2 0 0 9 -6 20 -6 11 -13 20 -16 20
-2 0 0 -9 6 -20z"/>
<path d="M7300 6770 c6 -11 13 -20 16 -20 2 0 0 9 -6 20 -6 11 -13 20 -16 20
-2 0 0 -9 6 -20z"/>
<path d="M5740 6760 c-6 -11 -8 -20 -6 -20 3 0 10 9 16 20 6 11 8 20 6 20 -3
0 -10 -9 -16 -20z"/>
<path d="M7340 6700 c6 -11 13 -20 16 -20 2 0 0 9 -6 20 -6 11 -13 20 -16 20
-2 0 0 -9 6 -20z"/>
<path d="M5680 6650 c-6 -11 -8 -20 -6 -20 3 0 10 9 16 20 6 11 8 20 6 20 -3
0 -10 -9 -16 -20z"/>
<path d="M7370 6650 c6 -11 13 -20 16 -20 2 0 0 9 -6 20 -6 11 -13 20 -16 20
-2 0 0 -9 6 -20z"/>
<path d="M7410 6580 c6 -11 13 -20 16 -20 2 0 0 9 -6 20 -6 11 -13 20 -16 20
-2 0 0 -9 6 -20z"/>
<path d="M5620 6540 c-6 -11 -8 -20 -6 -20 3 0 10 9 16 20 6 11 8 20 6 20 -3
0 -10 -9 -16 -20z"/>
<path d="M7440 6530 c6 -11 13 -20 16 -20 2 0 0 9 -6 20 -6 11 -13 20 -16 20
-2 0 0 -9 6 -20z"/>
<path d="M7480 6460 c6 -11 13 -20 16 -20 2 0 0 9 -6 20 -6 11 -13 20 -16 20
-2 0 0 -9 6 -20z"/>
<path d="M5560 6430 c-6 -11 -8 -20 -6 -20 3 0 10 9 16 20 6 11 8 20 6 20 -3
0 -10 -9 -16 -20z"/>
<path d="M7510 6410 c6 -11 13 -20 16 -20 2 0 0 9 -6 20 -6 11 -13 20 -16 20
-2 0 0 -9 6 -20z"/>
<path d="M7550 6340 c6 -11 13 -20 16 -20 2 0 0 9 -6 20 -6 11 -13 20 -16 20
-2 0 0 -9 6 -20z"/>
<path d="M5500 6320 c-6 -11 -8 -20 -6 -20 3 0 10 9 16 20 6 11 8 20 6 20 -3
0 -10 -9 -16 -20z"/>
<path d="M7580 6290 c6 -11 13 -20 16 -20 2 0 0 9 -6 20 -6 11 -13 20 -16 20
-2 0 0 -9 6 -20z"/>
<path d="M7620 6220 c6 -11 13 -20 16 -20 2 0 0 9 -6 20 -6 11 -13 20 -16 20
-2 0 0 -9 6 -20z"/>
<path d="M5440 6210 c-6 -11 -8 -20 -6 -20 3 0 10 9 16 20 6 11 8 20 6 20 -3
0 -10 -9 -16 -20z"/>
<path d="M7650 6170 c6 -11 13 -20 16 -20 2 0 0 9 -6 20 -6 11 -13 20 -16 20
-2 0 0 -9 6 -20z"/>
<path d="M5380 6100 c-6 -11 -8 -20 -6 -20 3 0 10 9 16 20 6 11 8 20 6 20 -3
0 -10 -9 -16 -20z"/>
<path d="M7690 6100 c6 -11 13 -20 16 -20 2 0 0 9 -6 20 -6 11 -13 20 -16 20
-2 0 0 -9 6 -20z"/>
<path d="M7720 6050 c6 -11 13 -20 16 -20 2 0 0 9 -6 20 -6 11 -13 20 -16 20
-2 0 0 -9 6 -20z"/>
<path d="M5320 5990 c-6 -11 -8 -20 -6 -20 3 0 10 9 16 20 6 11 8 20 6 20 -3
0 -10 -9 -16 -20z"/>
<path d="M7760 5980 c6 -11 13 -20 16 -20 2 0 0 9 -6 20 -6 11 -13 20 -16 20
-2 0 0 -9 6 -20z"/>
<path d="M2284 5928 c-19 -23 -19 -23 2 -5 11 9 24 14 29 10 4 -5 5 -2 1 5 -9
16 -10 16 -32 -10z"/>
<path d="M7790 5930 c6 -11 13 -20 16 -20 2 0 0 9 -6 20 -6 11 -13 20 -16 20
-2 0 0 -9 6 -20z"/>
<path d="M2335 5900 c10 -11 20 -20 23 -20 3 0 -3 9 -13 20 -10 11 -20 20 -23
20 -3 0 3 -9 13 -20z"/>
<path d="M2244 5878 l-19 -23 23 19 c21 18 27 26 19 26 -2 0 -12 -10 -23 -22z"/>
<path d="M5260 5880 c-6 -11 -8 -20 -6 -20 3 0 10 9 16 20 6 11 8 20 6 20 -3
0 -10 -9 -16 -20z"/>
<path d="M7830 5860 c6 -11 13 -20 16 -20 2 0 0 9 -6 20 -6 11 -13 20 -16 20
-2 0 0 -9 6 -20z"/>
<path d="M2380 5845 c13 -14 26 -25 28 -25 3 0 -5 11 -18 25 -13 14 -26 25
-28 25 -3 0 5 -11 18 -25z"/>
<path d="M2209 5833 c-13 -16 -12 -17 4 -4 9 7 17 15 17 17 0 8 -8 3 -21 -13z"/>
<path d="M7860 5810 c6 -11 13 -20 16 -20 2 0 0 9 -6 20 -6 11 -13 20 -16 20
-2 0 0 -9 6 -20z"/>
<path d="M2179 5793 c-13 -16 -12 -17 4 -4 9 7 17 15 17 17 0 8 -8 3 -21 -13z"/>
<path d="M2425 5790 c10 -11 20 -20 23 -20 3 0 -3 9 -13 20 -10 11 -20 20 -23
20 -3 0 3 -9 13 -20z"/>
<path d="M5200 5770 c-6 -11 -8 -20 -6 -20 3 0 10 9 16 20 6 11 8 20 6 20 -3
0 -10 -9 -16 -20z"/>
<path d="M2144 5748 l-19 -23 23 19 c21 18 27 26 19 26 -2 0 -12 -10 -23 -22z"/>
<path d="M2470 5735 c13 -14 26 -25 28 -25 3 0 -5 11 -18 25 -13 14 -26 25
-28 25 -3 0 5 -11 18 -25z"/>
<path d="M7900 5740 c6 -11 13 -20 16 -20 2 0 0 9 -6 20 -6 11 -13 20 -16 20
-2 0 0 -9 6 -20z"/>
<path d="M2109 5703 c-13 -16 -12 -17 4 -4 9 7 17 15 17 17 0 8 -8 3 -21 -13z"/>
<path d="M7930 5690 c6 -11 13 -20 16 -20 2 0 0 9 -6 20 -6 11 -13 20 -16 20
-2 0 0 -9 6 -20z"/>
<path d="M2515 5680 c10 -11 20 -20 23 -20 3 0 -3 9 -13 20 -10 11 -20 20 -23
20 -3 0 3 -9 13 -20z"/>
<path d="M2079 5663 c-13 -16 -12 -17 4 -4 9 7 17 15 17 17 0 8 -8 3 -21 -13z"/>
<path d="M5140 5660 c-6 -11 -8 -20 -6 -20 3 0 10 9 16 20 6 11 8 20 6 20 -3
0 -10 -9 -16 -20z"/>
<path d="M2560 5625 c13 -14 26 -25 28 -25 3 0 -5 11 -18 25 -13 14 -26 25
-28 25 -3 0 5 -11 18 -25z"/>
<path d="M2044 5618 l-19 -23 23 19 c21 18 27 26 19 26 -2 0 -12 -10 -23 -22z"/>
<path d="M7970 5620 c6 -11 13 -20 16 -20 2 0 0 9 -6 20 -6 11 -13 20 -16 20
-2 0 0 -9 6 -20z"/>
<path d="M2009 5573 c-13 -16 -12 -17 4 -4 9 7 17 15 17 17 0 8 -8 3 -21 -13z"/>
<path d="M2605 5570 c10 -11 20 -20 23 -20 3 0 -3 9 -13 20 -10 11 -20 20 -23
20 -3 0 3 -9 13 -20z"/>
<path d="M8000 5570 c6 -11 13 -20 16 -20 2 0 0 9 -6 20 -6 11 -13 20 -16 20
-2 0 0 -9 6 -20z"/>
<path d="M5080 5550 c-6 -11 -8 -20 -6 -20 3 0 10 9 16 20 6 11 8 20 6 20 -3
0 -10 -9 -16 -20z"/>
<path d="M1979 5533 c-13 -16 -12 -17 4 -4 9 7 17 15 17 17 0 8 -8 3 -21 -13z"/>
<path d="M2650 5515 c13 -14 26 -25 28 -25 3 0 -5 11 -18 25 -13 14 -26 25
-28 25 -3 0 5 -11 18 -25z"/>
<path d="M8040 5500 c6 -11 13 -20 16 -20 2 0 0 9 -6 20 -6 11 -13 20 -16 20
-2 0 0 -9 6 -20z"/>
<path d="M1944 5488 l-19 -23 23 19 c21 18 27 26 19 26 -2 0 -12 -10 -23 -22z"/>
<path d="M2695 5460 c10 -11 20 -20 23 -20 3 0 -3 9 -13 20 -10 11 -20 20 -23
20 -3 0 3 -9 13 -20z"/>
<path d="M8070 5450 c6 -11 13 -20 16 -20 2 0 0 9 -6 20 -6 11 -13 20 -16 20
-2 0 0 -9 6 -20z"/>
<path d="M1909 5443 c-13 -16 -12 -17 4 -4 9 7 17 15 17 17 0 8 -8 3 -21 -13z"/>
<path d="M5020 5440 c-6 -11 -8 -20 -6 -20 3 0 10 9 16 20 6 11 8 20 6 20 -3
0 -10 -9 -16 -20z"/>
<path d="M2740 5405 c13 -14 26 -25 28 -25 3 0 -5 11 -18 25 -13 14 -26 25
-28 25 -3 0 5 -11 18 -25z"/>
<path d="M1879 5403 c-13 -16 -12 -17 4 -4 9 7 17 15 17 17 0 8 -8 3 -21 -13z"/>
<path d="M8110 5380 c6 -11 13 -20 16 -20 2 0 0 9 -6 20 -6 11 -13 20 -16 20
-2 0 0 -9 6 -20z"/>
<path d="M1844 5358 l-19 -23 23 19 c21 18 27 26 19 26 -2 0 -12 -10 -23 -22z"/>
<path d="M2785 5350 c10 -11 20 -20 23 -20 3 0 -3 9 -13 20 -10 11 -20 20 -23
20 -3 0 3 -9 13 -20z"/>
<path d="M4960 5330 c-6 -11 -8 -20 -6 -20 3 0 10 9 16 20 6 11 8 20 6 20 -3
0 -10 -9 -16 -20z"/>
<path d="M8140 5330 c6 -11 13 -20 16 -20 2 0 0 9 -6 20 -6 11 -13 20 -16 20
-2 0 0 -9 6 -20z"/>
<path d="M1809 5313 c-13 -16 -12 -17 4 -4 16 13 21 21 13 21 -2 0 -10 -8 -17
-17z"/>
<path d="M2830 5295 c13 -14 26 -25 28 -25 3 0 -5 11 -18 25 -13 14 -26 25
-28 25 -3 0 5 -11 18 -25z"/>
<path d="M1779 5273 c-13 -16 -12 -17 4 -4 9 7 17 15 17 17 0 8 -8 3 -21 -13z"/>
<path d="M8180 5260 c6 -11 13 -20 16 -20 2 0 0 9 -6 20 -6 11 -13 20 -16 20
-2 0 0 -9 6 -20z"/>
<path d="M2875 5240 c10 -11 20 -20 23 -20 3 0 -3 9 -13 20 -10 11 -20 20 -23
20 -3 0 3 -9 13 -20z"/>
<path d="M1744 5228 l-19 -23 23 19 c21 18 27 26 19 26 -2 0 -12 -10 -23 -22z"/>
<path d="M4900 5220 c-6 -11 -8 -20 -6 -20 3 0 10 9 16 20 6 11 8 20 6 20 -3
0 -10 -9 -16 -20z"/>
<path d="M8210 5210 c6 -11 13 -20 16 -20 2 0 0 9 -6 20 -6 11 -13 20 -16 20
-2 0 0 -9 6 -20z"/>
<path d="M2920 5185 c13 -14 26 -25 28 -25 3 0 -5 11 -18 25 -13 14 -26 25
-28 25 -3 0 5 -11 18 -25z"/>
<path d="M1709 5183 c-13 -16 -12 -17 4 -4 16 13 21 21 13 21 -2 0 -10 -8 -17
-17z"/>
<path d="M1679 5143 c-13 -16 -12 -17 4 -4 16 13 21 21 13 21 -2 0 -10 -8 -17
-17z"/>
<path d="M8250 5140 c6 -11 13 -20 16 -20 2 0 0 9 -6 20 -6 11 -13 20 -16 20
-2 0 0 -9 6 -20z"/>
<path d="M2965 5130 c10 -11 20 -20 23 -20 3 0 -3 9 -13 20 -10 11 -20 20 -23
20 -3 0 3 -9 13 -20z"/>
<path d="M4840 5110 c-6 -11 -8 -20 -6 -20 3 0 10 9 16 20 6 11 8 20 6 20 -3
0 -10 -9 -16 -20z"/>
<path d="M1644 5098 l-19 -23 23 19 c12 11 22 21 22 23 0 8 -8 2 -26 -19z"/>
<path d="M8280 5090 c6 -11 13 -20 16 -20 2 0 0 9 -6 20 -6 11 -13 20 -16 20
-2 0 0 -9 6 -20z"/>
<path d="M3010 5075 c13 -14 26 -25 28 -25 3 0 -5 11 -18 25 -13 14 -26 25
-28 25 -3 0 5 -11 18 -25z"/>
<path d="M1609 5053 c-13 -16 -12 -17 4 -4 9 7 17 15 17 17 0 8 -8 3 -21 -13z"/>
<path d="M3055 5020 c10 -11 20 -20 23 -20 3 0 -3 9 -13 20 -10 11 -20 20 -23
20 -3 0 3 -9 13 -20z"/>
<path d="M8320 5020 c6 -11 13 -20 16 -20 2 0 0 9 -6 20 -6 11 -13 20 -16 20
-2 0 0 -9 6 -20z"/>
<path d="M1579 5013 c-13 -16 -12 -17 4 -4 16 13 21 21 13 21 -2 0 -10 -8 -17
-17z"/>
<path d="M4780 5000 c-6 -11 -8 -20 -6 -20 3 0 10 9 16 20 6 11 8 20 6 20 -3
0 -10 -9 -16 -20z"/>
<path d="M1544 4968 l-19 -23 23 19 c21 18 27 26 19 26 -2 0 -12 -10 -23 -22z"/>
<path d="M3100 4965 c13 -14 26 -25 28 -25 3 0 -5 11 -18 25 -13 14 -26 25
-28 25 -3 0 5 -11 18 -25z"/>
<path d="M8350 4970 c6 -11 13 -20 16 -20 2 0 0 9 -6 20 -6 11 -13 20 -16 20
-2 0 0 -9 6 -20z"/>
<path d="M1509 4923 c-13 -16 -12 -17 4 -4 16 13 21 21 13 21 -2 0 -10 -8 -17
-17z"/>
<path d="M3145 4910 c10 -11 20 -20 23 -20 3 0 -3 9 -13 20 -10 11 -20 20 -23
20 -3 0 3 -9 13 -20z"/>
<path d="M8390 4900 c6 -11 13 -20 16 -20 2 0 0 9 -6 20 -6 11 -13 20 -16 20
-2 0 0 -9 6 -20z"/>
<path d="M4720 4890 c-6 -11 -8 -20 -6 -20 3 0 10 9 16 20 6 11 8 20 6 20 -3
0 -10 -9 -16 -20z"/>
<path d="M1479 4883 c-13 -16 -12 -17 4 -4 16 13 21 21 13 21 -2 0 -10 -8 -17
-17z"/>
<path d="M3190 4855 c13 -14 26 -25 28 -25 3 0 -5 11 -18 25 -13 14 -26 25
-28 25 -3 0 5 -11 18 -25z"/>
<path d="M8420 4850 c6 -11 13 -20 16 -20 2 0 0 9 -6 20 -6 11 -13 20 -16 20
-2 0 0 -9 6 -20z"/>
<path d="M1444 4838 l-19 -23 23 19 c21 18 27 26 19 26 -2 0 -12 -10 -23 -22z"/>
<path d="M3235 4800 c10 -11 20 -20 23 -20 3 0 -3 9 -13 20 -10 11 -20 20 -23
20 -3 0 3 -9 13 -20z"/>
<path d="M1409 4793 c-13 -16 -12 -17 4 -4 16 13 21 21 13 21 -2 0 -10 -8 -17
-17z"/>
<path d="M4660 4780 c-6 -11 -8 -20 -6 -20 3 0 10 9 16 20 6 11 8 20 6 20 -3
0 -10 -9 -16 -20z"/>
<path d="M8460 4780 c6 -11 13 -20 16 -20 2 0 0 9 -6 20 -6 11 -13 20 -16 20
-2 0 0 -9 6 -20z"/>
<path d="M1379 4753 c-13 -16 -12 -17 4 -4 9 7 17 15 17 17 0 8 -8 3 -21 -13z"/>
<path d="M3280 4745 c13 -14 26 -25 28 -25 3 0 -5 11 -18 25 -13 14 -26 25
-28 25 -3 0 5 -11 18 -25z"/>
<path d="M8490 4730 c6 -11 13 -20 16 -20 2 0 0 9 -6 20 -6 11 -13 20 -16 20
-2 0 0 -9 6 -20z"/>
<path d="M1344 4708 l-19 -23 23 19 c21 18 27 26 19 26 -2 0 -12 -10 -23 -22z"/>
<path d="M3325 4690 c10 -11 20 -20 23 -20 3 0 -3 9 -13 20 -10 11 -20 20 -23
20 -3 0 3 -9 13 -20z"/>
<path d="M4600 4670 c-6 -11 -8 -20 -6 -20 3 0 10 9 16 20 6 11 8 20 6 20 -3
0 -10 -9 -16 -20z"/>
<path d="M1309 4663 c-13 -16 -12 -17 4 -4 9 7 17 15 17 17 0 8 -8 3 -21 -13z"/>
<path d="M8530 4660 c6 -11 13 -20 16 -20 2 0 0 9 -6 20 -6 11 -13 20 -16 20
-2 0 0 -9 6 -20z"/>
<path d="M3370 4635 c13 -14 26 -25 28 -25 3 0 -5 11 -18 25 -13 14 -26 25
-28 25 -3 0 5 -11 18 -25z"/>
<path d="M1279 4623 c-13 -16 -12 -17 4 -4 9 7 17 15 17 17 0 8 -8 3 -21 -13z"/>
<path d="M8560 4610 c6 -11 13 -20 16 -20 2 0 0 9 -6 20 -6 11 -13 20 -16 20
-2 0 0 -9 6 -20z"/>
<path d="M1244 4578 l-19 -23 23 19 c21 18 27 26 19 26 -2 0 -12 -10 -23 -22z"/>
<path d="M3415 4580 c10 -11 20 -20 23 -20 3 0 -3 9 -13 20 -10 11 -20 20 -23
20 -3 0 3 -9 13 -20z"/>
<path d="M4540 4560 c-6 -11 -8 -20 -6 -20 3 0 10 9 16 20 6 11 8 20 6 20 -3
0 -10 -9 -16 -20z"/>
<path d="M8600 4540 c6 -11 13 -20 16 -20 2 0 0 9 -6 20 -6 11 -13 20 -16 20
-2 0 0 -9 6 -20z"/>
<path d="M1209 4533 c-13 -16 -12 -17 4 -4 9 7 17 15 17 17 0 8 -8 3 -21 -13z"/>
<path d="M3460 4525 c13 -14 26 -25 28 -25 3 0 -5 11 -18 25 -13 14 -26 25
-28 25 -3 0 5 -11 18 -25z"/>
<path d="M1179 4493 c-13 -16 -12 -17 4 -4 9 7 17 15 17 17 0 8 -8 3 -21 -13z"/>
<path d="M8630 4490 c6 -11 13 -20 16 -20 2 0 0 9 -6 20 -6 11 -13 20 -16 20
-2 0 0 -9 6 -20z"/>
<path d="M3505 4470 c10 -11 20 -20 23 -20 3 0 -3 9 -13 20 -10 11 -20 20 -23
20 -3 0 3 -9 13 -20z"/>
<path d="M1144 4448 l-19 -23 23 19 c21 18 27 26 19 26 -2 0 -12 -10 -23 -22z"/>
<path d="M4480 4450 c-6 -11 -8 -20 -6 -20 3 0 10 9 16 20 6 11 8 20 6 20 -3
0 -10 -9 -16 -20z"/>
<path d="M3550 4415 c13 -14 26 -25 28 -25 3 0 -5 11 -18 25 -13 14 -26 25
-28 25 -3 0 5 -11 18 -25z"/>
<path d="M8670 4420 c6 -11 13 -20 16 -20 2 0 0 9 -6 20 -6 11 -13 20 -16 20
-2 0 0 -9 6 -20z"/>
<path d="M1109 4403 c-13 -16 -12 -17 4 -4 9 7 17 15 17 17 0 8 -8 3 -21 -13z"/>
<path d="M8700 4370 c6 -11 13 -20 16 -20 2 0 0 9 -6 20 -6 11 -13 20 -16 20
-2 0 0 -9 6 -20z"/>
<path d="M1079 4363 c-13 -16 -12 -17 4 -4 9 7 17 15 17 17 0 8 -8 3 -21 -13z"/>
<path d="M3595 4360 c10 -11 20 -20 23 -20 3 0 -3 9 -13 20 -10 11 -20 20 -23
20 -3 0 3 -9 13 -20z"/>
<path d="M4420 4340 c-6 -11 -8 -20 -6 -20 3 0 10 9 16 20 6 11 8 20 6 20 -3
0 -10 -9 -16 -20z"/>
<path d="M1044 4318 l-19 -23 23 19 c21 18 27 26 19 26 -2 0 -12 -10 -23 -22z"/>
<path d="M3640 4305 c13 -14 26 -25 28 -25 3 0 -5 11 -18 25 -13 14 -26 25
-28 25 -3 0 5 -11 18 -25z"/>
<path d="M8740 4300 c6 -11 13 -20 16 -20 2 0 0 9 -6 20 -6 11 -13 20 -16 20
-2 0 0 -9 6 -20z"/>
<path d="M1009 4273 c-13 -16 -12 -17 4 -4 9 7 17 15 17 17 0 8 -8 3 -21 -13z"/>
<path d="M3685 4250 c10 -11 20 -20 23 -20 3 0 -3 9 -13 20 -10 11 -20 20 -23
20 -3 0 3 -9 13 -20z"/>
<path d="M8770 4250 c6 -11 13 -20 16 -20 2 0 0 9 -6 20 -6 11 -13 20 -16 20
-2 0 0 -9 6 -20z"/>
<path d="M979 4233 c-13 -16 -12 -17 4 -4 9 7 17 15 17 17 0 8 -8 3 -21 -13z"/>
<path d="M4360 4230 c-6 -11 -8 -20 -6 -20 3 0 10 9 16 20 6 11 8 20 6 20 -3
0 -10 -9 -16 -20z"/>
<path d="M3730 4195 c13 -14 26 -25 28 -25 3 0 -5 11 -18 25 -13 14 -26 25
-28 25 -3 0 5 -11 18 -25z"/>
<path d="M944 4188 l-19 -23 23 19 c21 18 27 26 19 26 -2 0 -12 -10 -23 -22z"/>
<path d="M8810 4180 c6 -11 13 -20 16 -20 2 0 0 9 -6 20 -6 11 -13 20 -16 20
-2 0 0 -9 6 -20z"/>
<path d="M909 4143 c-13 -16 -12 -17 4 -4 9 7 17 15 17 17 0 8 -8 3 -21 -13z"/>
<path d="M3775 4140 c10 -11 20 -20 23 -20 3 0 -3 9 -13 20 -10 11 -20 20 -23
20 -3 0 3 -9 13 -20z"/>
<path d="M8840 4130 c6 -11 13 -20 16 -20 2 0 0 9 -6 20 -6 11 -13 20 -16 20
-2 0 0 -9 6 -20z"/>
<path d="M4300 4120 c-6 -11 -8 -20 -6 -20 3 0 10 9 16 20 6 11 8 20 6 20 -3
0 -10 -9 -16 -20z"/>
<path d="M879 4103 c-13 -16 -12 -17 4 -4 9 7 17 15 17 17 0 8 -8 3 -21 -13z"/>
<path d="M3820 4085 c13 -14 26 -25 28 -25 3 0 -5 11 -18 25 -13 14 -26 25
-28 25 -3 0 5 -11 18 -25z"/>
<path d="M844 4058 l-19 -23 23 19 c21 18 27 26 19 26 -2 0 -12 -10 -23 -22z"/>
<path d="M8880 4060 c6 -11 13 -20 16 -20 2 0 0 9 -6 20 -6 11 -13 20 -16 20
-2 0 0 -9 6 -20z"/>
<path d="M3865 4030 c10 -11 20 -20 23 -20 3 0 -3 9 -13 20 -10 11 -20 20 -23
20 -3 0 3 -9 13 -20z"/>
<path d="M809 4013 c-13 -16 -12 -17 4 -4 9 7 17 15 17 17 0 8 -8 3 -21 -13z"/>
<path d="M4240 4010 c-6 -11 -8 -20 -6 -20 3 0 10 9 16 20 6 11 8 20 6 20 -3
0 -10 -9 -16 -20z"/>
<path d="M8910 4010 c6 -11 13 -20 16 -20 2 0 0 9 -6 20 -6 11 -13 20 -16 20
-2 0 0 -9 6 -20z"/>
<path d="M3910 3975 c13 -14 26 -25 28 -25 3 0 -5 11 -18 25 -13 14 -26 25
-28 25 -3 0 5 -11 18 -25z"/>
<path d="M779 3973 c-13 -16 -12 -17 4 -4 9 7 17 15 17 17 0 8 -8 3 -21 -13z"/>
<path d="M8950 3940 c6 -11 13 -20 16 -20 2 0 0 9 -6 20 -6 11 -13 20 -16 20
-2 0 0 -9 6 -20z"/>
<path d="M744 3928 l-19 -23 23 19 c12 11 22 21 22 23 0 8 -8 2 -26 -19z"/>
<path d="M3955 3920 c10 -11 20 -20 23 -20 3 0 -3 9 -13 20 -10 11 -20 20 -23
20 -3 0 3 -9 13 -20z"/>
<path d="M4180 3900 c-6 -11 -8 -20 -6 -20 3 0 10 9 16 20 6 11 8 20 6 20 -3
0 -10 -9 -16 -20z"/>
<path d="M8980 3890 c6 -11 13 -20 16 -20 2 0 0 9 -6 20 -6 11 -13 20 -16 20
-2 0 0 -9 6 -20z"/>
<path d="M709 3883 c-13 -16 -12 -17 4 -4 9 7 17 15 17 17 0 8 -8 3 -21 -13z"/>
<path d="M4000 3865 c13 -14 26 -25 28 -25 3 0 -5 11 -18 25 -13 14 -26 25
-28 25 -3 0 5 -11 18 -25z"/>
<path d="M679 3843 c-13 -16 -12 -17 4 -4 9 7 17 15 17 17 0 8 -8 3 -21 -13z"/>
<path d="M9020 3820 c6 -11 13 -20 16 -20 2 0 0 9 -6 20 -6 11 -13 20 -16 20
-2 0 0 -9 6 -20z"/>
<path d="M4045 3810 c10 -11 20 -20 23 -20 3 0 -3 9 -13 20 -10 11 -20 20 -23
20 -3 0 3 -9 13 -20z"/>
<path d="M644 3798 l-19 -23 23 19 c12 11 22 21 22 23 0 8 -8 2 -26 -19z"/>
<path d="M4120 3790 c-6 -11 -8 -20 -6 -20 3 0 10 9 16 20 6 11 8 20 6 20 -3
0 -10 -9 -16 -20z"/>
<path d="M9050 3770 c6 -11 13 -20 16 -20 2 0 0 9 -6 20 -6 11 -13 20 -16 20
-2 0 0 -9 6 -20z"/>
<path d="M4082 3764 c10 -10 20 -16 22 -13 3 3 -5 11 -17 18 -21 13 -21 12 -5
-5z"/>
<path d="M609 3753 c-13 -16 -12 -17 4 -4 9 7 17 15 17 17 0 8 -8 3 -21 -13z"/>
<path d="M579 3713 c-13 -16 -12 -17 4 -4 9 7 17 15 17 17 0 8 -8 3 -21 -13z"/>
<path d="M9090 3700 c6 -11 13 -20 16 -20 2 0 0 9 -6 20 -6 11 -13 20 -16 20
-2 0 0 -9 6 -20z"/>
<path d="M544 3668 l-19 -23 23 19 c12 11 22 21 22 23 0 8 -8 2 -26 -19z"/>
<path d="M9120 3650 c6 -11 13 -20 16 -20 2 0 0 9 -6 20 -6 11 -13 20 -16 20
-2 0 0 -9 6 -20z"/>
<path d="M509 3623 c-13 -16 -12 -17 4 -4 9 7 17 15 17 17 0 8 -8 3 -21 -13z"/>
<path d="M479 3583 c-13 -16 -12 -17 4 -4 9 7 17 15 17 17 0 8 -8 3 -21 -13z"/>
<path d="M9160 3580 c6 -11 13 -20 16 -20 2 0 0 9 -6 20 -6 11 -13 20 -16 20
-2 0 0 -9 6 -20z"/>
<path d="M444 3538 l-19 -23 23 19 c21 18 27 26 19 26 -2 0 -12 -10 -23 -22z"/>
<path d="M9190 3530 c6 -11 13 -20 16 -20 2 0 0 9 -6 20 -6 11 -13 20 -16 20
-2 0 0 -9 6 -20z"/>
<path d="M409 3493 c-13 -16 -12 -17 4 -4 9 7 17 15 17 17 0 8 -8 3 -21 -13z"/>
<path d="M9230 3460 c6 -11 13 -20 16 -20 2 0 0 9 -6 20 -6 11 -13 20 -16 20
-2 0 0 -9 6 -20z"/>
<path d="M379 3453 c-13 -16 -12 -17 4 -4 16 13 21 21 13 21 -2 0 -10 -8 -17
-17z"/>
<path d="M344 3408 l-19 -23 23 19 c21 18 27 26 19 26 -2 0 -12 -10 -23 -22z"/>
<path d="M9260 3410 c6 -11 13 -20 16 -20 2 0 0 9 -6 20 -6 11 -13 20 -16 20
-2 0 0 -9 6 -20z"/>
<path d="M6430 2665 c-334 -67 -540 -322 -600 -740 -13 -93 -13 -404 1 -500
33 -242 113 -421 248 -556 85 -85 149 -125 266 -166 75 -26 90 -28 250 -28
151 0 178 3 245 23 88 28 153 60 233 114 l57 39 0 449 0 450 -295 0 -295 0 0
-160 0 -160 130 0 130 0 0 -188 0 -189 -42 -19 c-57 -26 -192 -26 -265 -1
-113 40 -209 172 -250 344 -26 113 -26 483 0 596 23 97 75 203 127 256 158
162 467 139 649 -49 21 -22 42 -40 45 -40 4 0 5 93 4 208 l-3 207 -85 42
c-118 59 -229 83 -371 82 -63 0 -143 -7 -179 -14z"/>
<path d="M2662 1679 l3 -974 190 0 190 0 3 363 2 362 108 0 c393 1 615 87 716
279 50 96 68 181 68 331 0 341 -132 511 -448 581 -89 19 -138 22 -467 26
l-367 5 2 -973z m761 608 c71 -35 102 -84 116 -180 12 -87 -2 -188 -34 -243
-46 -79 -163 -113 -387 -114 l-68 0 0 286 0 286 158 -3 c148 -4 160 -6 215
-32z"/>
<path d="M4212 1678 l3 -973 167 -3 168 -2 2 702 3 703 270 -700 270 -700 205
0 205 0 0 970 0 970 -167 3 -168 2 0 -702 c-1 -585 -3 -699 -14 -678 -7 14
-130 330 -272 702 l-259 678 -208 0 -207 0 2 -972z"/>
</g>
</svg>
